0073 000011 20 104 DC
0055 000013 20 102 DC
0081 000015 20 93 DC
0080 000017 20 92 DC
0058 000019 20 86 DC
0057 000010 20 104 DC
0056 000012 20 103 DC
0012 000014 20 99 DC
0060 000016 20 92 DC
0059 000018 20 88 DC
0014 000111 20 84 DC
0054 000113 20 69 DC
0030 000115 20 64 DC
0032 000117 20 58 DC
0072 000119 20 44 DC
0027 000110 20 84 DC
0001 000112 20 84 DC
0075 000114 20 65 DC
0035 000116 20 58 DC
0044 000118 20 52 DC
0077 000211 20 44 DC
0022 000213 20 38 DC
0074 000215 20 32 DC
0026 000217 20 27 DC
0005 000219 20 22 DC
0010 000210 20 43 DC
0052 000212 20 40 DC
0076 000214 20 37 DC
0079 000216 20 27 DC
0031 000218 20 24 DC
0078 000311 20 21 DC
0009 000313 20 18 DC
0038 000315 20 17 DC
0053 000317 20 15 DC
0017 000319 20 14 DC
0025 000310 20 19 DC
0061 000312 20 18 DC
0013 000314 20 17 DC
0004 000316 20 14 DC
0023 000318 20 13 DC
0048 000411 20 102 TC
0036 000413 20 83 NCC
0042 000415 20 43 NCC
0037 000417 20 16 BC
0016 000419 20 13 NCC
0051 000410 20 93 TC
0029 000412 20 73 NCC
0039 000414 20 17 NCC
0024 000416 20 14 BC
0003 000418 20 13 NCC
0082 000511 20 95 TP
0015 000513 20 73 TC
0050 000515 20 54 TC
0028 000517 20 53 TC
0047 000519 20 12 TC
0070 000510 20 95 TP
0083 000512 20 94 TP
0041 000514 20 63 TC
0049 000516 20 53 TC
0046 000518 20 13 TC
0068 000611 20 92 TP
0020 000613 20 73 TP
0091 000615 20 71 TP
0090 000617 20 60 TP
0088 000619 20 43 TP
0067 000610 20 75 TP
0007 000612 20 73 TP
0066 000614 20 60 TP
0069 000616 20 47 TP
0086 000618 20 40 TP
0008 000711 20 94 TAC
0087 000713 20 32 TP
0084 000715 20 29 TP
0063 000717 20 20 TP
0065 000719 20 19 TP
0021 000710 20 94 TAC
0033 000712 20 33 TP
0085 000714 20 31 TP
0064 000716 20 21 TP
0062 000718 20 19 TP

0073 010011 20 104 DC
0055 010013 20 102 DC
0081 010015 20 93 DC
0080 010017 20 92 DC
0058 010019 20 86 DC
0057 010010 20 104 DC
0056 010012 20 103 DC
0012 010014 20 99 DC
0060 010016 20 92 DC
0059 010018 20 88 DC
0014 010111 20 84 DC
0054 010113 20 69 DC
0030 010115 20 64 DC
0032 010117 20 58 DC
0072 010119 20 44 DC
0027 010110 20 84 DC
0001 010112 20 84 DC
0075 010114 20 65 DC
0035 010116 20 58 DC
0044 010118 20 52 DC
0077 010211 20 44 DC
0022 010213 20 38 DC
0074 010215 20 32 DC
0026 010217 20 27 DC
0005 010219 20 22 DC
0010 010210 20 43 DC
0052 010212 20 40 DC
0076 010214 20 37 DC
0079 010216 20 27 DC
0031 010218 20 24 DC
0078 010311 20 21 DC
0009 010313 20 18 DC
0038 010315 20 17 DC
0053 010317 20 15 DC
0017 010319 20 14 DC
0025 010310 20 19 DC
0061 010312 20 18 DC
0013 010314 20 17 DC
0004 010316 20 14 DC
0023 010318 20 13 DC
0048 010411 20 102 TC
0036 010413 20 83 NCC
0042 010415 20 43 NCC
0037 010417 20 16 BC
0016 010419 20 13 NCC
0051 010410 20 93 TC
0029 010412 20 73 NCC
0039 010414 20 17 NCC
0024 010416 20 14 BC
0003 010418 20 13 NCC
0082 010511 20 95 TP
0015 010513 20 73 TC
0050 010515 20 54 TC
0028 010517 20 53 TC
0047 010519 20 12 TC
0070 010510 20 95 TP
0083 010512 20 94 TP
0041 010514 20 63 TC
0049 010516 20 53 TC
0046 010518 20 13 TC
0068 010611 20 92 TP
0020 010613 20 73 TP
0091 010615 20 71 TP
0090 010617 20 60 TP
0088 010619 20 43 TP
0067 010610 20 75 TP
0007 010612 20 73 TP
0066 010614 20 60 TP
0069 010616 20 47 TP
0086 010618 20 40 TP
0008 010711 20 94 TAC
0087 010713 20 32 TP
0084 010715 20 29 TP
0063 010717 20 20 TP
0065 010719 20 19 TP
0021 010710 20 94 TAC
0033 010712 20 33 TP
0085 010714 20 31 TP
0064 010716 20 21 TP
0062 010718 20 19 TP

0022 020011 20 105 DC
0045 020013 20 103 DC
0043 020015 20 98 DC
0040 020017 20 96 DC
0056 020019 20 92 DC
0047 020010 20 105 DC
0046 020012 20 104 DC
0044 020014 20 102 DC
0023 020016 20 98 DC
0049 020018 20 94 DC
0038 020111 20 76 DC
0039 020113 20 66 DC
0029 020115 20 64 DC
0027 020117 20 56 DC
0010 020119 20 52 DC
0008 020110 20 67 DC
0004 020112 20 65 DC
0037 020114 20 56 DC
0021 020116 20 53 DC
0019 020118 20 50 DC
0018 020211 20 45 DC
0050 020213 20 43 DC
0052 020215 20 41 DC
0001 020217 20 40 DC
0054 020219 20 36 DC
0055 020210 20 46 DC
0051 020212 20 42 DC
0034 020214 20 40 DC
0053 020216 20 40 DC
0042 020218 20 32 DC
0033 020311 20 52 NCC
0068 020313 20 46 NCC
0014 020315 20 40 BC
0031 020317 20 24 DC
0017 020319 20 10 DC
0012 020310 20 78 NCC
0067 020312 20 46 NCC
0069 020314 20 46 NCC
0002 020316 20 30 DC
0041 020318 20 16 DC
0072 020411 20 46 NCC
0074 020413 20 46 NCC
0076 020415 20 46 NCC
0035 020417 20 25 NCC
0016 020419 20 20 NCC
0071 020410 20 46 NCC
0073 020412 20 46 NCC
0075 020414 20 46 NCC
0032 020416 20 27 NCC
0003 020418 20 20 NCC
0058 020511 20 100 TP
0060 020513 20 97 TP
0024 020515 20 86 OC
0013 020517 20 71 OC
0005 020519 20 32 OC
0057 020510 20 100 TP
0059 020512 20 88 TP
0006 020514 20 72 TP
0025 020516 20 46 OC
0026 020518 20 22 OC
0062 020611 20 46 TP
0064 020613 20 46 TP
0066 020615 20 46 TP
0011 020617 20 35 TAC
0020 020619 20 16 TAC
0061 020610 20 46 TP
0063 020612 20 46 TP
0065 020614 20 46 TP
0028 020616 20 45 TP
0007 020618 20 19 TP

0043 030011 20 101 DC
0053 030013 20 93 DC
0042 030015 20 91 DC
0041 030017 20 71 DC
0037 030019 20 67 DC
0022 030010 20 108 DC
0054 030012 20 94 DC
0055 030014 20 93 DC
0052 030016 20 82 DC
0048 030018 20 71 DC
0039 030111 20 51 DC
0024 030113 20 45 DC
0025 030115 20 42 DC
0038 030117 20 41 DC
0027 030119 20 41 DC
0049 030110 20 61 DC
0017 030112 20 46 DC
0018 030114 20 43 DC
0032 030116 20 42 DC
0050 030118 20 41 DC
0007 030211 20 34 DC
0004 030213 20 32 DC
0047 030215 20 31 DC
0058 030217 20 31 DC
0008 030219 20 28 DC
0056 030210 20 39 DC
0051 030212 20 34 DC
0009 030214 20 32 DC
0057 030216 20 31 DC
0029 030218 20 30 DC
0021 030311 20 23 DC
0045 030313 20 21 DC
0046 030315 20 19 DC
0012 030317 20 17 DC
0031 030319 20 10 DC
0019 030310 20 23 DC
0015 030312 20 21 DC
0014 030314 20 19 DC
0013 030316 20 18 DC
0044 030318 20 11 DC
0005 030411 20 58 TP
0028 030413 20 40 TP
0030 030415 20 20 TP
0003 030417 20 14 OC
0006 030419 20 13 TC
0026 030410 20 42 TP
0036 030412 20 42 TP
0023 030414 20 25 OC
0033 030416 20 19 TP
0002 030418 20 13 NCC
0020 030511 20 53 TAC
0035 030513 20 12 TP
0011 030510 20 18 TAC

0022 040011 20 105 DC
0045 040013 20 103 DC
0043 040015 20 98 DC
0040 040017 20 96 DC
0056 040019 20 92 DC
0047 040010 20 105 DC
0046 040012 20 104 DC
0044 040014 20 102 DC
0023 040016 20 98 DC
0049 040018 20 94 DC
0038 040111 20 76 DC
0039 040113 20 66 DC
0029 040115 20 64 DC
0027 040117 20 56 DC
0010 040119 20 52 DC
0008 040110 20 67 DC
0004 040112 20 65 DC
0037 040114 20 56 DC
0021 040116 20 53 DC
0019 040118 20 50 DC
0018 040211 20 45 DC
0050 040213 20 43 DC
0052 040215 20 41 DC
0001 040217 20 40 DC
0054 040219 20 36 DC
0055 040210 20 46 DC
0051 040212 20 42 DC
0034 040214 20 40 DC
0053 040216 20 40 DC
0042 040218 20 32 DC
0033 040311 20 52 NCC
0068 040313 20 46 NCC
0014 040315 20 40 BC
0031 040317 20 24 DC
0017 040319 20 10 DC
0012 040310 20 78 NCC
0067 040312 20 46 NCC
0069 040314 20 46 NCC
0002 040316 20 30 DC
0041 040318 20 16 DC
0072 040411 20 46 NCC
0074 040413 20 46 NCC
0076 040415 20 46 NCC
0035 040417 20 25 NCC
0016 040419 20 20 NCC
0071 040410 20 46 NCC
0073 040412 20 46 NCC
0075 040414 20 46 NCC
0032 040416 20 27 NCC
0003 040418 20 20 NCC
0058 040511 20 100 TP
0060 040513 20 97 TP
0024 040515 20 86 OC
0013 040517 20 71 OC
0005 040519 20 32 OC
0057 040510 20 100 TP
0059 040512 20 88 TP
0006 040514 20 72 TP
0025 040516 20 46 OC
0026 040518 20 22 OC
0062 040611 20 46 TP
0064 040613 20 46 TP
0066 040615 20 46 TP
0011 040617 20 35 TAC
0020 040619 20 16 TAC
0061 040610 20 46 TP
0063 040612 20 46 TP
0065 040614 20 46 TP
0028 040616 20 45 TP
0007 040618 20 19 TP

0049 050011 20 94 DC
0060 050013 20 92 DC
0045 050015 20 90 DC
0059 050017 20 88 DC
0058 050019 20 86 DC
0048 050010 20 93 DC
0061 050012 20 93 DC
0050 050014 20 91 DC
0052 050016 20 88 DC
0051 050018 20 86 DC
0057 050111 20 80 DC
0055 050113 20 73 DC
0047 050115 20 70 DC
0023 050117 20 53 DC
0044 050119 20 50 DC
0046 050110 20 80 DC
0056 050112 20 77 DC
0054 050114 20 70 DC
0043 050116 20 57 DC
0040 050118 20 52 DC
0030 050211 20 43 DC
0015 050213 20 40 DC
0064 050215 20 39 DC
0008 050217 20 34 DC
0028 050219 20 32 DC
0062 050210 20 45 DC
0015 050212 20 40 DC
0025 050214 20 35 DC
0063 050216 20 34 DC
0010 050218 20 32 DC
0032 050311 20 91 BC
0035 050313 20 31 DC
0029 050315 20 24 DC
0024 050317 20 21 DC
0013 050319 20 17 DC
0011 050310 20 92 BC
0005 050312 20 32 DC
0009 050314 20 28 DC
0038 050316 20 24 DC
0065 050318 20 19 DC
0002 050411 20 90 BC
0026 050413 20 53 BC
0041 050415 20 42 BC
0016 050417 20 40 NCC
0018 050419 20 13 NCC
0074 050410 20 103 TC
0031 050412 20 45 NCC
0001 050414 20 40 NCC
0003 050416 20 13 NCC
0033 050418 20 11 NCC
0072 050511 20 83 TC
0068 050513 20 53 TC
0066 050515 20 33 TC
0067 050517 20 23 TC
0007 050519 20 13 TC
0071 050510 20 73 TC
0069 050512 20 63 TC
0070 050514 20 43 TC
0022 050516 20 24 TC
0075 050518 20 19 TC
0078 050611 20 78 TP
0076 050613 20 68 TP
0006 050615 20 58 TP
0083 050617 20 56 TP
0004 050619 20 14 OC
0077 050610 20 78 TP
0079 050612 20 68 TP
0021 050614 20 58 TP
0019 050616 20 14 OC
0034 050618 20 11 OC
0084 050711 20 43 TP
0080 050713 20 38 TP
0081 050715 20 28 TP
0012 050717 20 18 TAC
0042 050710 20 68 TAC
0085 050712 20 42 TP
0027 050714 20 32 TAC
0082 050716 20 18 TP

0073 060011 20 104 DC
0055 060013 20 102 DC
0081 060015 20 93 DC
0080 060017 20 92 DC
0058 060019 20 86 DC
0057 060010 20 104 DC
0056 060012 20 103 DC
0012 060014 20 99 DC
0060 060016 20 92 DC
0059 060018 20 88 DC
0014 060111 20 84 DC
0054 060113 20 69 DC
0030 060115 20 64 DC
0032 060117 20 58 DC
0072 060119 20 44 DC
0027 060110 20 84 DC
0001 060112 20 84 DC
0075 060114 20 65 DC
0035 060116 20 58 DC
0044 060118 20 52 DC
0077 060211 20 44 DC
0022 060213 20 38 DC
0074 060215 20 32 DC
0026 060217 20 27 DC
0005 060219 20 22 DC
0010 060210 20 43 DC
0052 060212 20 40 DC
0076 060214 20 37 DC
0079 060216 20 27 DC
0031 060218 20 24 DC
0078 060311 20 21 DC
0009 060313 20 18 DC
0038 060315 20 17 DC
0053 060317 20 15 DC
0017 060319 20 14 DC
0025 060310 20 19 DC
0061 060312 20 18 DC
0013 060314 20 17 DC
0004 060316 20 14 DC
0023 060318 20 13 DC
0048 060411 20 102 TC
0036 060413 20 83 NCC
0042 060415 20 43 NCC
0037 060417 20 16 BC
0016 060419 20 13 NCC
0051 060410 20 93 TC
0029 060412 20 73 NCC
0039 060414 20 17 NCC
0024 060416 20 14 BC
0003 060418 20 13 NCC
0082 060511 20 95 TP
0015 060513 20 73 TC
0050 060515 20 54 TC
0028 060517 20 53 TC
0047 060519 20 12 TC
0070 060510 20 95 TP
0083 060512 20 94 TP
0041 060514 20 63 TC
0049 060516 20 53 TC
0046 060518 20 13 TC
0068 060611 20 92 TP
0020 060613 20 73 TP
0091 060615 20 71 TP
0090 060617 20 60 TP
0088 060619 20 43 TP
0067 060610 20 75 TP
0007 060612 20 73 TP
0066 060614 20 60 TP
0069 060616 20 47 TP
0086 060618 20 40 TP
0008 060711 20 94 TAC
0087 060713 20 32 TP
0084 060715 20 29 TP
0063 060717 20 20 TP
0065 060719 20 19 TP
0021 060710 20 94 TAC
0033 060712 20 33 TP
0085 060714 20 31 TP
0064 060716 20 21 TP
0062 060718 20 19 TP

0049 070011 20 94 DC
0060 070013 20 92 DC
0045 070015 20 90 DC
0059 070017 20 88 DC
0058 070019 20 86 DC
0048 070010 20 93 DC
0061 070012 20 93 DC
0050 070014 20 91 DC
0052 070016 20 88 DC
0051 070018 20 86 DC
0057 070111 20 80 DC
0055 070113 20 73 DC
0047 070115 20 70 DC
0023 070117 20 53 DC
0044 070119 20 50 DC
0046 070110 20 80 DC
0056 070112 20 77 DC
0054 070114 20 70 DC
0043 070116 20 57 DC
0040 070118 20 52 DC
0030 070211 20 43 DC
0015 070213 20 40 DC
0064 070215 20 39 DC
0008 070217 20 34 DC
0028 070219 20 32 DC
0062 070210 20 45 DC
0015 070212 20 40 DC
0025 070214 20 35 DC
0063 070216 20 34 DC
0010 070218 20 32 DC
0032 070311 20 91 BC
0035 070313 20 31 DC
0029 070315 20 24 DC
0024 070317 20 21 DC
0013 070319 20 17 DC
0011 070310 20 92 BC
0005 070312 20 32 DC
0009 070314 20 28 DC
0038 070316 20 24 DC
0065 070318 20 19 DC
0002 070411 20 90 BC
0026 070413 20 53 BC
0041 070415 20 42 BC
0016 070417 20 40 NCC
0018 070419 20 13 NCC
0074 070410 20 103 TC
0031 070412 20 45 NCC
0001 070414 20 40 NCC
0003 070416 20 13 NCC
0033 070418 20 11 NCC
0072 070511 20 83 TC
0068 070513 20 53 TC
0066 070515 20 33 TC
0067 070517 20 23 TC
0007 070519 20 13 TC
0071 070510 20 73 TC
0069 070512 20 63 TC
0070 070514 20 43 TC
0022 070516 20 24 TC
0075 070518 20 19 TC
0078 070611 20 78 TP
0076 070613 20 68 TP
0006 070615 20 58 TP
0083 070617 20 56 TP
0004 070619 20 14 OC
0077 070610 20 78 TP
0079 070612 20 68 TP
0021 070614 20 58 TP
0019 070616 20 14 OC
0034 070618 20 11 OC
0084 070711 20 43 TP
0080 070713 20 38 TP
0081 070715 20 28 TP
0012 070717 20 18 TAC
0042 070710 20 68 TAC
0085 070712 20 42 TP
0027 070714 20 32 TAC
0082 070716 20 18 TP

0043 080011 20 101 DC
0053 080013 20 93 DC
0042 080015 20 91 DC
0041 080017 20 71 DC
0037 080019 20 67 DC
0022 080010 20 108 DC
0054 080012 20 94 DC
0055 080014 20 93 DC
0052 080016 20 82 DC
0048 080018 20 71 DC
0039 080111 20 51 DC
0024 080113 20 45 DC
0025 080115 20 42 DC
0038 080117 20 41 DC
0027 080119 20 41 DC
0049 080110 20 61 DC
0017 080112 20 46 DC
0018 080114 20 43 DC
0032 080116 20 42 DC
0050 080118 20 41 DC
0007 080211 20 34 DC
0004 080213 20 32 DC
0047 080215 20 31 DC
0058 080217 20 31 DC
0008 080219 20 28 DC
0056 080210 20 39 DC
0051 080212 20 34 DC
0009 080214 20 32 DC
0057 080216 20 31 DC
0029 080218 20 30 DC
0021 080311 20 23 DC
0045 080313 20 21 DC
0046 080315 20 19 DC
0012 080317 20 17 DC
0031 080319 20 10 DC
0019 080310 20 23 DC
0015 080312 20 21 DC
0014 080314 20 19 DC
0013 080316 20 18 DC
0044 080318 20 11 DC
0005 080411 20 58 TP
0028 080413 20 40 TP
0030 080415 20 20 TP
0003 080417 20 14 OC
0006 080419 20 13 TC
0026 080410 20 42 TP
0036 080412 20 42 TP
0023 080414 20 25 OC
0033 080416 20 19 TP
0002 080418 20 13 NCC
0020 080511 20 53 TAC
0035 080513 20 12 TP
0011 080510 20 18 TAC

0001 090011 20 90 DC
0056 090013 20 90 DC
0035 090015 20 82 DC
0054 090017 20 80 DC
0002 090019 20 70 DC
0037 090010 20 90 DC
0041 090012 20 90 DC
0010 090014 20 84 DC
0043 090016 20 80 DC
0020 090018 20 79 DC
0047 090111 20 60 DC
0052 090113 20 60 DC
0049 090115 20 50 DC
0029 090117 20 46 DC
0040 090119 20 43 DC
0060 090110 20 70 DC
0057 090112 20 60 DC
0050 090114 20 50 DC
0026 090116 20 46 DC
0025 090118 20 42 DC
0039 090211 20 42 DC
0048 090213 20 40 DC
0058 090215 20 40 DC
0024 090217 20 34 DC
0046 090219 20 30 DC
0028 090210 20 42 DC
0038 090212 20 41 DC
0051 090214 20 40 DC
0008 090216 20 37 DC
0059 090218 20 30 DC
0036 090311 20 93 NCC
0016 090313 20 29 BC
0003 090315 20 18 DC
0011 090317 20 15 DC
0055 090319 20 10 DC
0034 090310 20 95 NCC
0014 090312 20 90 BC
0053 090314 20 20 DC
0033 090316 20 15 DC
0042 090318 20 10 DC
0007 090411 20 95 TP
0012 090413 20 73 OC
0019 090415 20 65 OC
0023 090417 20 54 TP
0017 090419 20 38 NCC
0004 090410 20 75 TP
0009 090412 20 74 TP
0031 090414 20 67 TP
0015 090416 20 59 TP
0022 090418 20 42 TP
0005 090511 20 89 TAC
0006 090513 20 18 TP
0013 090510 20 61 TAC
0027 090512 20 47 TAC
0030 090514 20 13 TAC

0037 100011 20 100 DC
0035 100013 20 80 DC
0045 100015 20 72 DC
0033 100017 20 60 DC
0011 100019 20 50 DC
0016 100010 20 109 DC
0036 100012 20 90 DC
0041 100014 20 78 DC
0034 100016 20 70 DC
0032 100018 20 50 DC
0040 100111 20 46 DC
0001 100113 20 40 DC
0023 100115 20 39 DC
0048 100117 20 38 DC
0046 100119 20 34 DC
0030 100110 20 47 DC
0024 100112 20 41 DC
0031 100114 20 40 DC
0049 100116 20 39 DC
0047 100118 20 36 DC
0042 100211 20 31 DC
0038 100213 20 28 DC
0014 100215 20 20 DC
0015 100217 20 19 DC
0009 100219 20 14 DC
0038 100210 20 32 DC
0050 100212 20 30 DC
0044 100214 20 22 DC
0043 100216 20 20 DC
0008 100218 20 17 DC
0019 100311 20 97 TC
0053 100313 20 82 TP
0012 100315 20 65 NCC
0027 100317 20 21 NCC
0003 100319 20 10 NCC
0020 100310 20 95 OC
0018 100312 20 85 NCC
0004 100314 20 65 TC
0005 100316 20 32 OC
0002 100318 20 20 BC
0025 100411 20 46 TP
0058 100413 20 40 TP
0059 100415 20 32 TP
0056 100417 20 30 TP
0006 100419 20 28 TP
0060 100410 20 49 TP
0052 100412 20 42 TP
0021 100414 20 34 TP
0057 100416 20 31 TP
0055 100418 20 29 TP
0013 100511 20 41 TAC
0007 100513 20 19 TAC
0022 100510 20 35 TAC
0028 100512 20 25 TAC
0010 100514 20 12 TP

0001 110011 20 90 DC
0056 110013 20 90 DC
0035 110015 20 82 DC
0054 110017 20 80 DC
0002 110019 20 70 DC
0037 110010 20 90 DC
0041 110012 20 90 DC
0010 110014 20 84 DC
0043 110016 20 80 DC
0020 110018 20 79 DC
0047 110111 20 60 DC
0052 110113 20 60 DC
0049 110115 20 50 DC
0029 110117 20 46 DC
0040 110119 20 43 DC
0060 110110 20 70 DC
0057 110112 20 60 DC
0050 110114 20 50 DC
0026 110116 20 46 DC
0025 110118 20 42 DC
0039 110211 20 42 DC
0048 110213 20 40 DC
0058 110215 20 40 DC
0024 110217 20 34 DC
0046 110219 20 30 DC
0028 110210 20 42 DC
0038 110212 20 41 DC
0051 110214 20 40 DC
0008 110216 20 37 DC
0059 110218 20 30 DC
0036 110311 20 93 NCC
0016 110313 20 29 BC
0003 110315 20 18 DC
0011 110317 20 15 DC
0055 110319 20 10 DC
0034 110310 20 95 NCC
0014 110312 20 90 BC
0053 110314 20 20 DC
0033 110316 20 15 DC
0042 110318 20 10 DC
0007 110411 20 95 TP
0012 110413 20 73 OC
0019 110415 20 65 OC
0023 110417 20 54 TP
0017 110419 20 38 NCC
0004 110410 20 75 TP
0009 110412 20 74 TP
0031 110414 20 67 TP
0015 110416 20 59 TP
0022 110418 20 42 TP
0005 110511 20 89 TAC
0006 110513 20 18 TP
0013 110510 20 61 TAC
0027 110512 20 47 TAC
0030 110514 20 13 TAC

0073 120011 20 104 DC
0055 120013 20 102 DC
0081 120015 20 93 DC
0080 120017 20 92 DC
0058 120019 20 86 DC
0057 120010 20 104 DC
0056 120012 20 103 DC
0012 120014 20 99 DC
0060 120016 20 92 DC
0059 120018 20 88 DC
0014 120111 20 84 DC
0054 120113 20 69 DC
0030 120115 20 64 DC
0032 120117 20 58 DC
0072 120119 20 44 DC
0027 120110 20 84 DC
0001 120112 20 84 DC
0075 120114 20 65 DC
0035 120116 20 58 DC
0044 120118 20 52 DC
0077 120211 20 44 DC
0022 120213 20 38 DC
0074 120215 20 32 DC
0026 120217 20 27 DC
0005 120219 20 22 DC
0010 120210 20 43 DC
0052 120212 20 40 DC
0076 120214 20 37 DC
0079 120216 20 27 DC
0031 120218 20 24 DC
0078 120311 20 21 DC
0009 120313 20 18 DC
0038 120315 20 17 DC
0053 120317 20 15 DC
0017 120319 20 14 DC
0025 120310 20 19 DC
0061 120312 20 18 DC
0013 120314 20 17 DC
0004 120316 20 14 DC
0023 120318 20 13 DC
0048 120411 20 102 TC
0036 120413 20 83 NCC
0042 120415 20 43 NCC
0037 120417 20 16 BC
0016 120419 20 13 NCC
0051 120410 20 93 TC
0029 120412 20 73 NCC
0039 120414 20 17 NCC
0024 120416 20 14 BC
0003 120418 20 13 NCC
0082 120511 20 95 TP
0015 120513 20 73 TC
0050 120515 20 54 TC
0028 120517 20 53 TC
0047 120519 20 12 TC
0070 120510 20 95 TP
0083 120512 20 94 TP
0041 120514 20 63 TC
0049 120516 20 53 TC
0046 120518 20 13 TC
0068 120611 20 92 TP
0020 120613 20 73 TP
0091 120615 20 71 TP
0090 120617 20 60 TP
0088 120619 20 43 TP
0067 120610 20 75 TP
0007 120612 20 73 TP
0066 120614 20 60 TP
0069 120616 20 47 TP
0086 120618 20 40 TP
0008 120711 20 94 TAC
0087 120713 20 32 TP
0084 120715 20 29 TP
0063 120717 20 20 TP
0065 120719 20 19 TP
0021 120710 20 94 TAC
0033 120712 20 33 TP
0085 120714 20 31 TP
0064 120716 20 21 TP
0062 120718 20 19 TP

0043 130011 20 101 DC
0053 130013 20 93 DC
0042 130015 20 91 DC
0041 130017 20 71 DC
0037 130019 20 67 DC
0022 130010 20 108 DC
0054 130012 20 94 DC
0055 130014 20 93 DC
0052 130016 20 82 DC
0048 130018 20 71 DC
0039 130111 20 51 DC
0024 130113 20 45 DC
0025 130115 20 42 DC
0038 130117 20 41 DC
0027 130119 20 41 DC
0049 130110 20 61 DC
0017 130112 20 46 DC
0018 130114 20 43 DC
0032 130116 20 42 DC
0050 130118 20 41 DC
0007 130211 20 34 DC
0004 130213 20 32 DC
0047 130215 20 31 DC
0058 130217 20 31 DC
0008 130219 20 28 DC
0056 130210 20 39 DC
0051 130212 20 34 DC
0009 130214 20 32 DC
0057 130216 20 31 DC
0029 130218 20 30 DC
0021 130311 20 23 DC
0045 130313 20 21 DC
0046 130315 20 19 DC
0012 130317 20 17 DC
0031 130319 20 10 DC
0019 130310 20 23 DC
0015 130312 20 21 DC
0014 130314 20 19 DC
0013 130316 20 18 DC
0044 130318 20 11 DC
0005 130411 20 58 TP
0028 130413 20 40 TP
0030 130415 20 20 TP
0003 130417 20 14 OC
0006 130419 20 13 TC
0026 130410 20 42 TP
0036 130412 20 42 TP
0023 130414 20 25 OC
0033 130416 20 19 TP
0002 130418 20 13 NCC
0020 130511 20 53 TAC
0035 130513 20 12 TP
0011 130510 20 18 TAC

0037 140011 20 100 DC
0035 140013 20 80 DC
0045 140015 20 72 DC
0033 140017 20 60 DC
0011 140019 20 50 DC
0016 140010 20 109 DC
0036 140012 20 90 DC
0041 140014 20 78 DC
0034 140016 20 70 DC
0032 140018 20 50 DC
0040 140111 20 46 DC
0001 140113 20 40 DC
0023 140115 20 39 DC
0048 140117 20 38 DC
0046 140119 20 34 DC
0030 140110 20 47 DC
0024 140112 20 41 DC
0031 140114 20 40 DC
0049 140116 20 39 DC
0047 140118 20 36 DC
0042 140211 20 31 DC
0038 140213 20 28 DC
0014 140215 20 20 DC
0015 140217 20 19 DC
0009 140219 20 14 DC
0038 140210 20 32 DC
0050 140212 20 30 DC
0044 140214 20 22 DC
0043 140216 20 20 DC
0008 140218 20 17 DC
0019 140311 20 97 TC
0053 140313 20 82 TP
0012 140315 20 65 NCC
0027 140317 20 21 NCC
0003 140319 20 10 NCC
0020 140310 20 95 OC
0018 140312 20 85 NCC
0004 140314 20 65 TC
0005 140316 20 32 OC
0002 140318 20 20 BC
0025 140411 20 46 TP
0058 140413 20 40 TP
0059 140415 20 32 TP
0056 140417 20 30 TP
0006 140419 20 28 TP
0060 140410 20 49 TP
0052 140412 20 42 TP
0021 140414 20 34 TP
0057 140416 20 31 TP
0055 140418 20 29 TP
0013 140511 20 41 TAC
0007 140513 20 19 TAC
0022 140510 20 35 TAC
0028 140512 20 25 TAC
0010 140514 20 12 TP

